[{"fx":722.6610107421875,"fy":722.3335571289063,"height":1024,"id":0,"img_name":"1658132905.396159.jpg","position":[-0.013596823439002037,0.6982417702674866,0.13372117280960083],"rotation":[[0.9999979138374329,0.0006963619962334633,-0.0019184453412890434],[-0.0006856881082057953,0.9999843239784241,0.005558881908655167],[0.0019222863484174013,-0.00555755477398634,0.9999827146530151]],"width":1224},{"fx":722.6610107421875,"fy":722.3335571289063,"height":1024,"id":1,"img_name":"1658132906.396755.jpg","position":[-0.013514800928533077,0.698050856590271,0.13040363788604736],"rotation":[[0.9999714493751526,-0.0017481083050370216,0.007349446881562471],[0.0013629975728690624,0.998641848564148,0.05208221822977066],[-0.007430511061102152,-0.05207071453332901,0.9986157417297363]],"width":1224},{"fx":722.6610107421875,"fy":722.3335571289063,"height":1024,"id":2,"img_name":"1658132907.396066.jpg","position":[-0.013396428897976875,0.6976993083953857,0.12600134313106537],"rotation":[[0.9998442530632019,6.163388025015593e-05,0.017649270594120026],[-0.0012898931745439768,0.9975748658180237,0.06958971917629242],[-0.01760217919945717,-0.0696016401052475,0.997419536113739]],"width":1224},{"fx":722.6610107421875,"fy":722.3335571289063,"height":1024,"id":3,"img_name":"1658132908.396561.jpg","position":[-0.013321878388524055,0.6973438262939453,0.12141022831201553],"rotation":[[0.9998328685760498,-0.005640234798192978,0.017390063032507896],[0.004629537463188171,0.9983277916908264,0.05762140080332756],[-0.01768598146736622,-0.057531263679265976,0.9981870651245117]],"width":1224},{"fx":722.6610107421875,"fy":722.3335571289063,"height":1024,"id":4,"img_name":"1658132909.395977.jpg","position":[-0.013244581408798695,0.6969470977783203,0.11660709977149963],"rotation":[[0.99969881772995,-0.0051733688451349735,0.02398863062262535],[0.003546536434441805,0.9977217316627502,0.06737001240253448],[-0.024282507598400116,-0.06726464629173279,0.9974396228790283]],"width":1224},{"fx":722.6610107421875,"fy":722.3335571289063,"height":1024,"id":5,"img_name":"1658132910.396199.jpg","position":[-0.013175424188375473,0.6965223550796509,0.11170893162488937],"rotation":[[0.9998144507408142,-0.00383217865601182,0.018879448994994164],[0.0025310367345809937,0.9976502060890198,0.06846632808446884],[-0.01909746043384075,-0.06840584427118301,0.9974747896194458]],"width":1224},{"fx":722.6610107421875,"fy":722.3335571289063,"height":1024,"id":6,"img_name":"1658132911.396686.jpg","position":[-0.01321831438690424,0.6961610913276672,0.10689666122198105],"rotation":[[0.9999854564666748,-0.002849225653335452,-0.004580500535666943],[0.0031206386629492044,0.9981704354286194,0.060382161289453506],[0.00440007820725441,-0.060395579785108566,0.9981648325920105]],"width":1224},{"fx":722.6610107421875,"fy":722.3335571289063,"height":1024,"id":7,"img_name":"1658132912.397136.jpg","position":[-0.013227622024714947,0.6958717107772827,0.10215450823307037],"rotation":[[0.9999899864196777,0.0006439792923629284,-0.004433365538716316],[-0.0003166813403367996,0.9972999691963196,0.07343459874391556],[0.004468685947358608,-0.07343245297670364,0.9972901940345764]],"width":1224},{"fx":722.6610107421875,"fy":722.3335571289063,"height":1024,"id":8,"img_name":"1658132913.399201.jpg","position":[-0.01328625250607729,0.6958653926849365,0.10067131370306015],"rotation":[[0.999848484992981,0.001318052178248763,-0.017358703538775444],[-0.00020987383322790265,0.9979698657989502,0.06368760764598846],[0.017407407984137535,-0.06367431581020355,0.9978188872337341]],"width":1224},{"fx":722.6610107421875,"fy":722.3335571289063,"height":1024,"id":9,"img_name":"1658132914.396859.jpg","position":[-0.013212470337748528,0.6959944367408752,0.10078491270542145],"rotation":[[0.9999919533729553,-0.0003553188871592283,-0.004002841655164957],[0.0006872494705021381,0.9965301156044006,0.08323036879301071],[0.003959378693252802,-0.08323245495557785,0.9965223073959351]],"width":1224},{"fx":722.6610107421875,"fy":722.3335571289063,"height":1024,"id":10,"img_name":"1658132915.395787.jpg","position":[-0.013119285926222801,0.6960028409957886,0.10073122382164001],"rotation":[[0.999995231628418,-0.0021065566688776016,0.002259522210806608],[0.0019392728572711349,0.9974285364151001,0.07164181023836136],[-0.0024046292528510094,-0.07163708657026291,0.9974278807640076]],"width":1224},{"fx":722.6610107421875,"fy":722.3335571289063,"height":1024,"id":11,"img_name":"1658132916.397146.jpg","position":[-0.013066415674984455,0.6960081458091736,0.10067934542894363],"rotation":[[0.9999662637710571,-0.004655942786484957,-0.00676690461114049],[0.005179947707802057,0.996813178062439,0.07960325479507446],[0.006374711636453867,-0.0796356201171875,0.9968036413192749]],"width":1224},{"fx":722.6610107421875,"fy":722.3335571289063,"height":1024,"id":12,"img_name":"1658132917.396290.jpg","position":[-0.013029205612838268,0.6959653496742249,0.10060788691043854],"rotation":[[0.99849534034729,0.05459582060575485,0.005135129205882549],[-0.054813697934150696,0.9964063167572021,0.06457442045211792],[-0.0015911819646134973,-0.06475873291492462,0.9978997111320496]],"width":1224},{"fx":722.6610107421875,"fy":722.3335571289063,"height":1024,"id":13,"img_name":"1658132918.396574.jpg","position":[-0.013226285576820374,0.6958557367324829,0.09895601123571396],"rotation":[[0.9963895678520203,0.07268338650465012,0.04387369379401207],[-0.07544880360364914,0.9950246214866638,0.06506488472223282],[-0.038926269859075546,-0.0681401863694191,0.9969160556793213]],"width":1224},{"fx":722.6610107421875,"fy":722.3335571289063,"height":1024,"id":14,"img_name":"1658132919.396408.jpg","position":[-0.01395378913730383,0.6955698132514954,0.09302502870559692],"rotation":[[0.9980185031890869,0.05871022492647171,0.022631783038377762],[-0.06051073968410492,0.9941537380218506,0.08942487835884094],[-0.017249315977096558,-0.09061715006828308,0.9957364201545715]],"width":1224},{"fx":722.6610107421875,"fy":722.3335571289063,"height":1024,"id":15,"img_name":"1658132920.395751.jpg","position":[-0.014901726506650448,0.6952122449874878,0.08675266802310944],"rotation":[[0.9982860684394836,0.049966052174568176,0.03046923689544201],[-0.051769137382507324,0.9967586398124695,0.06158066540956497],[-0.027293531224131584,-0.06305248290300369,0.9976369142532349]],"width":1224},{"fx":722.6610107421875,"fy":722.3335571289063,"height":1024,"id":16,"img_name":"1658132921.396599.jpg","position":[-0.015931975096464157,0.6947653889656067,0.08081644773483276],"rotation":[[0.9986132383346558,0.05153068155050278,0.010776734910905361],[-0.05195929855108261,0.9976692199707031,0.04423118010163307],[-0.008472354151308537,-0.044729795306921005,0.9989631772041321]],"width":1224},{"fx":722.6610107421875,"fy":722.3335571289063,"height":1024,"id":17,"img_name":"1658132922.396625.jpg","position":[-0.016950460150837898,0.6943877935409546,0.07494001090526581],"rotation":[[0.9984190464019775,0.05618349835276604,0.0016672892961651087],[-0.05620209500193596,0.9974323511123657,0.04438525810837746],[0.0008307108655571938,-0.04440879449248314,0.9990131258964539]],"width":1224},{"fx":722.6610107421875,"fy":722.3335571289063,"height":1024,"id":18,"img_name":"1658132923.396354.jpg","position":[-0.01781672053039074,0.6940617561340332,0.06911054998636246],"rotation":[[0.9985421895980835,0.05304308235645294,0.009997074492275715],[-0.05330757051706314,0.9981752038002014,0.028364773839712143],[-0.008474276401102543,-0.028856344521045685,0.9995476603507996]],"width":1224},{"fx":722.6610107421875,"fy":722.3335571289063,"height":1024,"id":19,"img_name":"1658132924.396134.jpg","position":[-0.01860726997256279,0.6937583684921265,0.06325503438711166],"rotation":[[0.9984266757965088,0.05348377674818039,0.01684086211025715],[-0.054016321897506714,0.9979966282844543,0.03293802961707115],[-0.015045473352074623,-0.03379588946700096,0.9993155002593994]],"width":1224},{"fx":722.6610107421875,"fy":722.3335571289063,"height":1024,"id":20,"img_name":"1658132925.395489.jpg","position":[-0.019343458116054535,0.6935163736343384,0.05739297717809677],"rotation":[[0.9983806610107422,0.054754290729761124,0.0154293617233634],[-0.05530813708901405,0.9977419972419739,0.03810391202569008],[-0.01330817025154829,-0.03889558091759682,0.9991546273231506]],"width":1224},{"fx":722.6610107421875,"fy":722.3335571289063,"height":1024,"id":21,"img_name":"1658132926.395971.jpg","position":[-0.02017866261303425,0.6932761073112488,0.05154974386096001],"rotation":[[0.9984484910964966,0.0543452724814415,0.012134120799601078],[-0.05477989464998245,0.9977388381958008,0.03894096612930298],[-0.00999042671173811,-0.03954525291919708,0.9991678595542908]],"width":1224},{"fx":722.6610107421875,"fy":722.3335571289063,"height":1024,"id":22,"img_name":"1658132927.395707.jpg","position":[-0.021016525104641914,0.6929988861083984,0.04575931653380394],"rotation":[[0.9985272288322449,0.05396578088402748,0.0055791353806853294],[-0.05413166061043739,0.9978899955749512,0.03585125505924225],[-0.0036326220724731684,-0.03610046207904816,0.9993415474891663]],"width":1224},{"fx":722.6610107421875,"fy":722.3335571289063,"height":1024,"id":23,"img_name":"1658132928.395547.jpg","position":[-0.021847335621714592,0.6927666664123535,0.03993808850646019],"rotation":[[0.998504638671875,0.05343233048915863,0.011550970375537872],[-0.05382760614156723,0.9978587031364441,0.03715696185827255],[-0.009540852159261703,-0.03772316128015518,0.9992426633834839]],"width":1224},{"fx":722.6610107421875,"fy":722.3335571289063,"height":1024,"id":24,"img_name":"1658132929.396554.jpg","position":[-0.02261834405362606,0.6925291419029236,0.03413103148341179],"rotation":[[0.9982889890670776,0.05601639300584793,0.016772037371993065],[-0.0566994845867157,0.9974440932273865,0.04347997158765793],[-0.014293578453361988,-0.044356539845466614,0.9989135265350342]],"width":1224},{"fx":722.6610107421875,"fy":722.3335571289063,"height":1024,"id":25,"img_name":"1658132930.395551.jpg","position":[-0.023416325449943542,0.6922584772109985,0.028340235352516174],"rotation":[[0.9983449578285217,0.0545954555273056,0.018075473606586456],[-0.05536497384309769,0.9974411129951477,0.045231983065605164],[-0.015559759922325611,-0.04615786671638489,0.9988129734992981]],"width":1224},{"fx":722.6610107421875,"fy":722.3335571289063,"height":1024,"id":26,"img_name":"1658132931.396074.jpg","position":[-0.024180704727768898,0.6919288635253906,0.022485587745904922],"rotation":[[0.9985145330429077,0.05321405455470085,0.01170275453478098],[-0.053534816950559616,0.9981431365013123,0.029057472944259644],[-0.010134757496416569,-0.029640816152095795,0.9995092153549194]],"width":1224},{"fx":722.6610107421875,"fy":722.3335571289063,"height":1024,"id":27,"img_name":"1658132932.396313.jpg","position":[-0.02512436918914318,0.6915937066078186,0.01671089604496956],"rotation":[[0.9982713460922241,0.05528503656387329,0.019948318600654602],[-0.056115277111530304,0.9974637031555176,0.04378567636013031],[-0.01747703179717064,-0.044829390943050385,0.9988417625427246]],"width":1224},{"fx":722.6610107421875,"fy":722.3335571289063,"height":1024,"id":28,"img_name":"1658132933.395693.jpg","position":[-0.025892751291394234,0.6913291811943054,0.010890517383813858],"rotation":[[0.9983096718788147,0.05390959233045578,0.021715808659791946],[-0.05474334955215454,0.9977058172225952,0.039828069508075714],[-0.01951887458562851,-0.04094954580068588,0.9989705681800842]],"width":1224},{"fx":722.6610107421875,"fy":722.3335571289063,"height":1024,"id":29,"img_name":"1658132934.396048.jpg","position":[-0.026712974533438683,0.6910755634307861,0.005090484395623207],"rotation":[[0.9983750581741333,0.05421285703778267,0.017556091770529747],[-0.05488251522183418,0.9976823925971985,0.040220871567726135],[-0.015334916301071644,-0.0411190390586853,0.9990365505218506]],"width":1224},{"fx":722.6610107421875,"fy":722.3335571289063,"height":1024,"id":30,"img_name":"1658132935.395563.jpg","position":[-0.027448220178484917,0.6908290386199951,-0.0007636433583684266],"rotation":[[0.9983211755752563,0.055879198014736176,0.015242782421410084],[-0.05647219717502594,0.9975315928459167,0.04173274338245392],[-0.012873164378106594,-0.042523473501205444,0.9990125298500061]],"width":1224},{"fx":722.6610107421875,"fy":722.3335571289063,"height":1024,"id":31,"img_name":"1658132936.395158.jpg","position":[-0.028306467458605766,0.6905108690261841,-0.0066204313188791275],"rotation":[[0.9983534812927246,0.05631288141012192,0.010918944142758846],[-0.05671410262584686,0.9975566864013672,0.0407940149307251],[-0.008595037274062634,-0.04134610295295715,0.9991078972816467]],"width":1224},{"fx":722.6610107421875,"fy":722.3335571289063,"height":1024,"id":32,"img_name":"1658132937.396340.jpg","position":[-0.029244786128401756,0.6901871562004089,-0.012394591234624386],"rotation":[[0.9982748031616211,0.05386904254555702,0.02335791476070881],[-0.054896872490644455,0.9974384903907776,0.045856278389692307],[-0.020827850326895714,-0.04705944284796715,0.9986749291419983]],"width":1224},{"fx":722.6610107421875,"fy":722.3335571289063,"height":1024,"id":33,"img_name":"1658132938.395878.jpg","position":[-0.03000258281826973,0.6898471117019653,-0.01805105060338974],"rotation":[[0.9986172914505005,0.0525638647377491,0.0007482402143068612],[-0.0525595061480999,0.998059093952179,0.033399634063243866],[0.0010088257258757949,-0.033392779529094696,0.9994418025016785]],"width":1224},{"fx":722.6610107421875,"fy":722.3335571289063,"height":1024,"id":34,"img_name":"1658132939.396689.jpg","position":[-0.030525727197527885,0.6899113655090332,-0.02025090716779232],"rotation":[[0.996628999710083,-0.07870334386825562,-0.023160867393016815],[0.07923838496208191,0.9965864419937134,0.02316785603761673],[0.021258417516946793,-0.02492498606443405,0.9994632601737976]],"width":1224},{"fx":722.6610107421875,"fy":722.3335571289063,"height":1024,"id":35,"img_name":"1658132940.395666.jpg","position":[-0.03030351549386978,0.6899670958518982,-0.02020244300365448],"rotation":[[0.9631593823432922,-0.26307204365730286,0.05583089590072632],[0.261553555727005,0.9646217226982117,0.03308657929301262],[-0.06255985051393509,-0.01726488023996353,0.9978918433189392]],"width":1224},{"fx":722.6610107421875,"fy":722.3335571289063,"height":1024,"id":36,"img_name":"1658132941.398917.jpg","position":[-0.031578533351421356,0.6895695328712463,-0.020045623183250427],"rotation":[[0.9188711047172546,-0.2551597058773041,0.3009476065635681],[0.23560303449630737,0.9666665196418762,0.10023510456085205],[-0.31649190187454224,-0.02119896560907364,0.9483582973480225]],"width":1224},{"fx":722.6610107421875,"fy":722.3335571289063,"height":1024,"id":37,"img_name":"1658132942.395201.jpg","position":[-0.033074382692575455,0.6891667246818542,-0.01971500739455223],"rotation":[[0.9649489521980286,-0.2624278664588928,0.002267785370349884],[0.26220089197158813,0.964409351348877,0.034135714173316956],[-0.01114523597061634,-0.03234460949897766,0.9994146227836609]],"width":1224},{"fx":722.6610107421875,"fy":722.3335571289063,"height":1024,"id":38,"img_name":"1658132943.394962.jpg","position":[-0.03340524062514305,0.6888784170150757,-0.019728904590010643],"rotation":[[0.9675208330154419,-0.252619206905365,0.009325448423624039],[0.2522314190864563,0.9671748280525208,0.03085714392364025],[-0.016814444214105606,-0.0275027584284544,0.9994803071022034]],"width":1224},{"fx":722.6610107421875,"fy":722.3335571289063,"height":1024,"id":39,"img_name":"1658132944.395837.jpg","position":[-0.03312351927161217,0.688949465751648,-0.01973789744079113],"rotation":[[0.9669370651245117,-0.2538999021053314,0.02382420375943184],[0.25283560156822205,0.9666683077812195,0.04033089056611061],[-0.033270109444856644,-0.03297382965683937,0.9989023208618164]],"width":1224},{"fx":722.6610107421875,"fy":722.3335571289063,"height":1024,"id":40,"img_name":"1658132945.394815.jpg","position":[-0.03309253975749016,0.6889752745628357,-0.019692158326506615],"rotation":[[0.9668121337890625,-0.2549174427986145,0.01707088202238083],[0.2538378834724426,0.9660024046897888,0.049048010259866714],[-0.028993703424930573,-0.04308697208762169,0.9986505508422852]],"width":1224},{"fx":722.6610107421875,"fy":722.3335571289063,"height":1024,"id":41,"img_name":"1658132946.395627.jpg","position":[-0.03305142745375633,0.6890410780906677,-0.019628435373306274],"rotation":[[0.9676165580749512,-0.2524048984050751,0.0031512663699686527],[0.2521164119243622,0.9669767618179321,0.03732679784297943],[-0.012468667700886726,-0.03532354533672333,0.9992981553077698]],"width":1224},{"fx":722.6610107421875,"fy":722.3335571289063,"height":1024,"id":42,"img_name":"1658132947.394742.jpg","position":[-0.03301103785634041,0.6891423463821411,-0.019642280414700508],"rotation":[[0.9672368764877319,-0.25385189056396484,0.003462748136371374],[0.25352048873901367,0.9665154814720154,0.039688803255558014],[-0.013421876356005669,-0.037510596215724945,0.9992060661315918]],"width":1224},{"fx":722.6610107421875,"fy":722.3335571289063,"height":1024,"id":43,"img_name":"1658132948.395148.jpg","position":[-0.03302212804555893,0.6890588402748108,-0.019671138375997543],"rotation":[[0.9673885107040405,-0.2532957196235657,0.0008900389075279236],[0.2530779242515564,0.9666910171508789,0.038211025297641754],[-0.010539080016314983,-0.03673965483903885,0.9992693066596985]],"width":1224},{"fx":722.6610107421875,"fy":722.3335571289063,"height":1024,"id":44,"img_name":"1658132949.394645.jpg","position":[-0.032958563417196274,0.689213752746582,-0.019701579585671425],"rotation":[[0.9675689935684204,-0.25244617462158203,0.009012078866362572],[0.25204282999038696,0.9671765565872192,0.03230950981378555],[-0.01687268353998661,-0.0289902500808239,0.9994372725486755]],"width":1224},{"fx":722.6610107421875,"fy":722.3335571289063,"height":1024,"id":45,"img_name":"1658132950.395534.jpg","position":[-0.03282145783305168,0.689212441444397,-0.01974387839436531],"rotation":[[0.9672206044197083,-0.2532455027103424,0.018735144287347794],[0.2524823844432831,0.96694415807724,0.03566054627299309],[-0.027146711945533752,-0.02976131998002529,0.9991883039474487]],"width":1224},{"fx":722.6610107421875,"fy":722.3335571289063,"height":1024,"id":46,"img_name":"1658132951.395649.jpg","position":[-0.032812681049108505,0.6890735626220703,-0.01974521577358246],"rotation":[[0.9675000905990601,-0.2527672052383423,0.007230299524962902],[0.25234711170196533,0.9669413566589355,0.036679137498140335],[-0.016262557357549667,-0.033662524074316025,0.9993009567260742]],"width":1224},{"fx":722.6610107421875,"fy":722.3335571289063,"height":1024,"id":47,"img_name":"1658132952.395520.jpg","position":[-0.03276504576206207,0.6891841292381287,-0.01973736472427845],"rotation":[[0.967442512512207,-0.2521931231021881,0.02129945531487465],[0.2513063848018646,0.9671894311904907,0.037278831005096436],[-0.03000207245349884,-0.030712435021996498,0.9990778565406799]],"width":1224},{"fx":722.6610107421875,"fy":722.3335571289063,"height":1024,"id":48,"img_name":"1658132953.395345.jpg","position":[-0.0327148400247097,0.6891307234764099,-0.01973445899784565],"rotation":[[0.9667681455612183,-0.25520452857017517,0.015166405588388443],[0.2543087899684906,0.966063916683197,0.04524998739361763],[-0.026199720799922943,-0.039889294654130936,0.9988605380058289]],"width":1224},{"fx":722.6610107421875,"fy":722.3335571289063,"height":1024,"id":49,"img_name":"1658132954.395148.jpg","position":[-0.032819751650094986,0.6891584992408752,-0.019740674644708633],"rotation":[[0.967214047908783,-0.2537054717540741,0.0114237479865551],[0.2528919279575348,0.9662876725196838,0.0483093336224556],[-0.023294970393180847,-0.04383648931980133,0.998767077922821]],"width":1224},{"fx":722.6610107421875,"fy":722.3335571289063,"height":1024,"id":50,"img_name":"1658132955.394908.jpg","position":[-0.03298618644475937,0.689123272895813,-0.01975080743432045],"rotation":[[0.9677736163139343,-0.2518000900745392,0.003305969759821892],[0.25152692198753357,0.9671922922134399,0.035683441907167435],[-0.012182601727545261,-0.033701952546834946,0.9993577003479004]],"width":1224},{"fx":722.6610107421875,"fy":722.3335571289063,"height":1024,"id":51,"img_name":"1658132956.394645.jpg","position":[-0.033020615577697754,0.6891007423400879,-0.019723430275917053],"rotation":[[0.9672359824180603,-0.2536952495574951,-0.009660795331001282],[0.25387901067733765,0.9665017127990723,0.03768200799822807],[-0.0002225702628493309,-0.038900066167116165,0.9992430806159973]],"width":1224},{"fx":722.6610107421875,"fy":722.3335571289063,"height":1024,"id":52,"img_name":"1658132957.394494.jpg","position":[-0.03319396823644638,0.6890622973442078,-0.01971188187599182],"rotation":[[0.9676627516746521,-0.2520529627799988,-0.009903649799525738],[0.2522432208061218,0.9671275615692139,0.03221271559596062],[0.0014587817713618279,-0.03366917744278908,0.9994319677352905]],"width":1224},{"fx":722.6610107421875,"fy":722.3335571289063,"height":1024,"id":53,"img_name":"1658132958.395348.jpg","position":[-0.03313552588224411,0.6890450119972229,-0.01975446753203869],"rotation":[[0.9674299359321594,-0.253127783536911,-0.002376700285822153],[0.25297442078590393,0.9664199948310852,0.04512526094913483],[-0.009125566110014915,-0.04425676912069321,0.9989784955978394]],"width":1224},{"fx":722.6610107421875,"fy":722.3335571289063,"height":1024,"id":54,"img_name":"1658132959.395213.jpg","position":[-0.03292866051197052,0.6891188621520996,-0.0198143869638443],"rotation":[[0.9666308164596558,-0.25548055768013,0.018829181790351868],[0.2541907727718353,0.9656820297241211,0.05334080383181572],[-0.031810540705919266,-0.04677465930581093,0.9983988404273987]],"width":1224},{"fx":722.6610107421875,"fy":722.3335571289063,"height":1024,"id":55,"img_name":"1658132960.394213.jpg","position":[-0.03281453251838684,0.6890740394592285,-0.019823353737592697],"rotation":[[0.9663648009300232,-0.25582748651504517,0.026294047012925148],[0.2548481822013855,0.9663252830505371,0.035607848316431046],[-0.03451807051897049,-0.02770918235182762,0.9990198612213135]],"width":1224},{"fx":722.6610107421875,"fy":722.3335571289063,"height":1024,"id":56,"img_name":"1658132961.395108.jpg","position":[-0.03273967280983925,0.6891635060310364,-0.019823119044303894],"rotation":[[0.9662691354751587,-0.2564888894557953,0.023181617259979248],[0.25553855299949646,0.9660733938217163,0.037447214126586914],[-0.03199993818998337,-0.030260292813181877,0.9990296959877014]],"width":1224},{"fx":722.6610107421875,"fy":722.3335571289063,"height":1024,"id":57,"img_name":"1658132962.394881.jpg","position":[-0.03277357295155525,0.6890853643417358,-0.01982330158352852],"rotation":[[0.9665189385414124,-0.2559584081172943,0.018066756427288055],[0.25515344738960266,0.9661564826965332,0.03792615234851837],[-0.0271628275513649,-0.03204654902219772,0.9991171956062317]],"width":1224},{"fx":722.6610107421875,"fy":722.3335571289063,"height":1024,"id":58,"img_name":"1658132963.395163.jpg","position":[-0.032800398766994476,0.689010739326477,-0.019795572385191917],"rotation":[[0.9669210314750671,-0.25489702820777893,0.009553004056215286],[0.25437936186790466,0.9663697481155396,0.037691015750169754],[-0.018839063122868538,-0.03401414677500725,0.9992437958717346]],"width":1224},{"fx":722.6610107421875,"fy":722.3335571289063,"height":1024,"id":59,"img_name":"1658132964.394450.jpg","position":[-0.032882239669561386,0.6890177130699158,-0.019792042672634125],"rotation":[[0.9673798084259033,-0.253261923789978,0.005891482345759869],[0.25282084941864014,0.9666471481323242,0.040926408022642136],[-0.016060084104537964,-0.03810189291834831,0.9991447925567627]],"width":1224},{"fx":722.6610107421875,"fy":722.3335571289063,"height":1024,"id":60,"img_name":"1658132965.395120.jpg","position":[-0.032983534038066864,0.6890028119087219,-0.019772658124566078],"rotation":[[0.9672185778617859,-0.2535710632801056,0.013781758025288582],[0.2529621422290802,0.9668248891830444,0.03549307957291603],[-0.022324563935399055,-0.030843304470181465,0.9992749094963074]],"width":1224},{"fx":722.6610107421875,"fy":722.3335571289063,"height":1024,"id":61,"img_name":"1658132966.394835.jpg","position":[-0.03305529057979584,0.6890416145324707,-0.019739972427487373],"rotation":[[0.9672674536705017,-0.2537546455860138,-0.0015000835992395878],[0.2536177933216095,0.9665147662162781,0.039079368114471436],[-0.008466718718409538,-0.038180649280548096,0.9992349743843079]],"width":1224},{"fx":722.6610107421875,"fy":722.3335571289063,"height":1024,"id":62,"img_name":"1658132967.395134.jpg","position":[-0.03308660537004471,0.6890318989753723,-0.01974589005112648],"rotation":[[0.9673789739608765,-0.2533006966114044,0.004083055071532726],[0.25288185477256775,0.9664905071258545,0.04412301257252693],[-0.015122623182833195,-0.04165114089846611,0.9990177750587463]],"width":1224},{"fx":722.6610107421875,"fy":722.3335571289063,"height":1024,"id":63,"img_name":"1658132968.396751.jpg","position":[-0.03301147744059563,0.6890700459480286,-0.019743243232369423],"rotation":[[0.9673866033554077,-0.25292620062828064,0.01383579894900322],[0.25229671597480774,0.9669671058654785,0.036345407366752625],[-0.022571466863155365,-0.03166933357715607,0.9992434978485107]],"width":1224},{"fx":722.6610107421875,"fy":722.3335571289063,"height":1024,"id":64,"img_name":"1658132969.394698.jpg","position":[-0.03295018896460533,0.6889957785606384,-0.01970299333333969],"rotation":[[0.9663133025169373,-0.2570633292198181,0.012531629763543606],[0.2566821575164795,0.9661467671394348,0.025975681841373444],[-0.018784787505865097,-0.021884001791477203,0.9995840191841125]],"width":1224},{"fx":722.6610107421875,"fy":722.3335571289063,"height":1024,"id":65,"img_name":"1658132970.393973.jpg","position":[-0.03293827921152115,0.6891483068466187,-0.019535129889845848],"rotation":[[0.9662023186683655,-0.25471022725105286,0.03969651833176613],[0.2538814842700958,0.9669182300567627,0.02476554550230503],[-0.04469132795929909,-0.013850314542651176,0.998904824256897]],"width":1224},{"fx":722.6610107421875,"fy":722.3335571289063,"height":1024,"id":66,"img_name":"1658132971.394875.jpg","position":[-0.03310897573828697,0.6892924904823303,-0.018868399783968925],"rotation":[[0.9675832986831665,-0.2525256276130676,0.0036583910696208477],[0.2520263195037842,0.9664016962051392,0.05050225183367729],[-0.01628858782351017,-0.047943126410245895,0.9987172484397888]],"width":1224},{"fx":722.6610107421875,"fy":722.3335571289063,"height":1024,"id":67,"img_name":"1658132972.394616.jpg","position":[-0.03395672142505646,0.6892775297164917,-0.019041582942008972],"rotation":[[0.9660496115684509,-0.2569791376590729,0.02664298564195633],[0.25568094849586487,0.9657508134841919,0.04418862983584404],[-0.037086039781570435,-0.035876307636499405,0.9986678957939148]],"width":1224},{"fx":722.6610107421875,"fy":722.3335571289063,"height":1024,"id":68,"img_name":"1658132973.393716.jpg","position":[-0.03692848980426788,0.6885268092155457,-0.01931481994688511],"rotation":[[0.9062150120735168,-0.2521527409553528,0.339401513338089],[0.22380715608596802,0.9671033024787903,0.12091971933841705],[-0.35872653126716614,-0.033618777990341187,0.9328371286392212]],"width":1224},{"fx":722.6610107421875,"fy":722.3335571289063,"height":1024,"id":69,"img_name":"1658132974.394300.jpg","position":[-0.04367213323712349,0.6869722604751587,-0.01928016170859337],"rotation":[[0.9516913890838623,-0.25198209285736084,0.1754666268825531],[0.23919062316417694,0.9667047262191772,0.09093824028968811],[-0.19253921508789063,-0.04457516968250275,0.980276346206665]],"width":1224},{"fx":722.6610107421875,"fy":722.3335571289063,"height":1024,"id":70,"img_name":"1658132975.394125.jpg","position":[-0.05244506895542145,0.684907078742981,-0.019362090155482292],"rotation":[[0.951667070388794,-0.2543775141239166,0.1721099317073822],[0.24089482426643372,0.9658412337303162,0.09550061821937561],[-0.19052407145500183,-0.04942439869046211,0.9804375767707825]],"width":1224},{"fx":722.6610107421875,"fy":722.3335571289063,"height":1024,"id":71,"img_name":"1658132976.393991.jpg","position":[-0.06314436346292496,0.6824180483818054,-0.019444521516561508],"rotation":[[0.9469766616821289,-0.2579542398452759,0.1915588229894638],[0.24243760108947754,0.9649103283882141,0.10085658729076385],[-0.2108534723520279,-0.04906778037548065,0.9762853980064392]],"width":1224},{"fx":722.6610107421875,"fy":722.3335571289063,"height":1024,"id":72,"img_name":"1658132977.393688.jpg","position":[-0.07513976097106934,0.6794609427452087,-0.01960500329732895],"rotation":[[0.9515063762664795,-0.25421592593193054,0.17323359847068787],[0.24342578649520874,0.9665078520774841,0.08128035068511963],[-0.1880943775177002,-0.035169247537851334,0.9815210700035095]],"width":1224},{"fx":722.6610107421875,"fy":722.3335571289063,"height":1024,"id":73,"img_name":"1658132978.394660.jpg","position":[-0.0888092964887619,0.6762054562568665,-0.019851380959153175],"rotation":[[0.9506292343139648,-0.24895887076854706,0.18526603281497955],[0.24024458229541779,0.968295693397522,0.06845444440841675],[-0.1964346319437027,-0.020565642043948174,0.9803012013435364]],"width":1224},{"fx":722.6610107421875,"fy":722.3335571289063,"height":1024,"id":74,"img_name":"1658132979.394946.jpg","position":[-0.10367295145988464,0.6725950837135315,-0.01992131769657135],"rotation":[[0.9534406661987305,-0.24367497861385345,0.17768895626068115],[0.2312936931848526,0.9689257144927979,0.08767083287239075],[-0.1935305893421173,-0.042490601539611816,0.9801737070083618]],"width":1224},{"fx":722.6610107421875,"fy":722.3335571289063,"height":1024,"id":75,"img_name":"1658132980.394320.jpg","position":[-0.11901341378688812,0.6687692999839783,-0.020061245188117027],"rotation":[[0.9624830484390259,-0.2441789209842682,0.11833425611257553],[0.23667120933532715,0.9687654972076416,0.07402824610471725],[-0.13271428644657135,-0.043244618922472,0.9902104735374451]],"width":1224},{"fx":722.6610107421875,"fy":722.3335571289063,"height":1024,"id":76,"img_name":"1658132981.394306.jpg","position":[-0.13431133329868317,0.665081262588501,-0.020205389708280563],"rotation":[[0.9618359804153442,-0.24988892674446106,0.11147675663232803],[0.24078574776649475,0.9664911031723022,0.08897842466831207],[-0.12997601926326752,-0.05874064192175865,0.9897755980491638]],"width":1224},{"fx":722.6610107421875,"fy":722.3335571289063,"height":1024,"id":77,"img_name":"1658132982.393769.jpg","position":[-0.14932791888713837,0.6614173054695129,-0.02048647589981556],"rotation":[[0.9594802260398865,-0.25226640701293945,0.12553615868091583],[0.24205347895622253,0.9659756422042847,0.09111060202121735],[-0.14424900710582733,-0.05703236162662506,0.9878965020179749]],"width":1224},{"fx":722.6610107421875,"fy":722.3335571289063,"height":1024,"id":78,"img_name":"1658132983.393810.jpg","position":[-0.1642787754535675,0.6575990319252014,-0.020612675696611404],"rotation":[[0.9628247022628784,-0.24783439934253693,0.10745552182197571],[0.24110139906406403,0.9678341746330261,0.07188284397125244],[-0.12181416153907776,-0.043302904814481735,0.9916078448295593]],"width":1224},{"fx":722.6610107421875,"fy":722.3335571289063,"height":1024,"id":79,"img_name":"1658132984.393436.jpg","position":[-0.17912235856056213,0.6538212299346924,-0.020846804603934288],"rotation":[[0.9585413336753845,-0.2586623728275299,0.11955051869153976],[0.24859771132469177,0.9641483426094055,0.09282876551151276],[-0.13927574455738068,-0.05926021933555603,0.9884788990020752]],"width":1224},{"fx":722.6610107421875,"fy":722.3335571289063,"height":1024,"id":80,"img_name":"1658132985.394275.jpg","position":[-0.1940988153219223,0.6499635577201843,-0.02097153663635254],"rotation":[[0.9583660364151001,-0.26020547747612,0.1175912469625473],[0.25302407145500183,0.9647311568260193,0.07261323928833008],[-0.13233830034732819,-0.03983664512634277,0.9904037714004517]],"width":1224},{"fx":722.6610107421875,"fy":722.3335571289063,"height":1024,"id":81,"img_name":"1658132986.394136.jpg","position":[-0.20907965302467346,0.646301805973053,-0.021151933819055557],"rotation":[[0.9602452516555786,-0.25909423828125,0.10391955077648163],[0.2523428201675415,0.964820146560669,0.07379136979579926],[-0.1193825900554657,-0.044634465128183365,0.9918445348739624]],"width":1224},{"fx":722.6610107421875,"fy":722.3335571289063,"height":1024,"id":82,"img_name":"1658132987.393785.jpg","position":[-0.22393961250782013,0.6426739692687988,-0.02144242823123932],"rotation":[[0.9572826623916626,-0.2564592957496643,0.13356085121631622],[0.24659328162670135,0.9652881026268005,0.08608531206846237],[-0.15100206434726715,-0.04947277158498764,0.9872946739196777]],"width":1224},{"fx":722.6610107421875,"fy":722.3335571289063,"height":1024,"id":83,"img_name":"1658132988.393627.jpg","position":[-0.2387869656085968,0.6390818357467651,-0.021624434739351273],"rotation":[[0.9571869373321533,-0.2660537660121918,0.11405488103628159],[0.2580673396587372,0.9627993106842041,0.08011678606271744],[-0.13112734258174896,-0.047252900898456573,0.9902387261390686]],"width":1224},{"fx":722.6610107421875,"fy":722.3335571289063,"height":1024,"id":84,"img_name":"1658132989.393083.jpg","position":[-0.253635972738266,0.6354259848594666,-0.021934041753411293],"rotation":[[0.9557569026947021,-0.27039116621017456,0.1158335730433464],[0.26273858547210693,0.9617745280265808,0.0771893560886383],[-0.13227710127830505,-0.043340303003787994,0.9902648329734802]],"width":1224},{"fx":722.6610107421875,"fy":722.3335571289063,"height":1024,"id":85,"img_name":"1658132990.393304.jpg","position":[-0.2685305178165436,0.6315909028053284,-0.02227918803691864],"rotation":[[0.9593144655227661,-0.26036134362220764,0.1092139184474945],[0.2538667619228363,0.9647095203399658,0.06990878283977509],[-0.12356124818325043,-0.03933872655034065,0.9915568828582764]],"width":1224},{"fx":722.6610107421875,"fy":722.3335571289063,"height":1024,"id":86,"img_name":"1658132991.394024.jpg","position":[-0.28345224261283875,0.627919614315033,-0.022583331912755966],"rotation":[[0.9623571634292603,-0.2576466500759125,0.08652687817811966],[0.25312843918800354,0.9655797481536865,0.05984745919704437],[-0.09896809607744217,-0.03569221496582031,0.9944502711296082]],"width":1224},{"fx":722.6610107421875,"fy":722.3335571289063,"height":1024,"id":87,"img_name":"1658132992.394041.jpg","position":[-0.29832446575164795,0.6242958903312683,-0.022954195737838745],"rotation":[[0.9616734981536865,-0.2558806240558624,0.0985352024435997],[0.24967339634895325,0.965717613697052,0.07108240574598312],[-0.11334579437971115,-0.04375644028186798,0.9925916194915771]],"width":1224},{"fx":722.6610107421875,"fy":722.3335571289063,"height":1024,"id":88,"img_name":"1658132993.393778.jpg","position":[-0.3131542503833771,0.6207053661346436,-0.023309437558054924],"rotation":[[0.9620159864425659,-0.2543560564517975,0.09913758188486099],[0.2477693259716034,0.9659817814826965,0.07409156858921051],[-0.11461073905229568,-0.046714019030332565,0.9923115372657776]],"width":1224},{"fx":722.6610107421875,"fy":722.3335571289063,"height":1024,"id":89,"img_name":"1658132994.394528.jpg","position":[-0.3280264437198639,0.617101788520813,-0.023716269060969353],"rotation":[[0.9625290632247925,-0.25354886054992676,0.09618119895458221],[0.24780398607254028,0.9664355516433716,0.0677899569272995],[-0.11014099419116974,-0.04141571745276451,0.9930527210235596]],"width":1224},{"fx":722.6610107421875,"fy":722.3335571289063,"height":1024,"id":90,"img_name":"1658132995.393321.jpg","position":[-0.3428017795085907,0.6134597063064575,-0.024221403524279594],"rotation":[[0.9620359539985657,-0.25450408458709717,0.0985620766878128],[0.24784564971923828,0.965895414352417,0.0749569833278656],[-0.11427751183509827,-0.04768313467502594,0.9923038482666016]],"width":1224},{"fx":722.6610107421875,"fy":722.3335571289063,"height":1024,"id":91,"img_name":"1658132996.393786.jpg","position":[-0.35763019323349,0.6098043918609619,-0.024607552215456963],"rotation":[[0.9634943008422852,-0.2542744278907776,0.08380505442619324],[0.24874061346054077,0.9659574031829834,0.07109463959932327],[-0.09902966022491455,-0.04765355959534645,0.9939427971839905]],"width":1224},{"fx":722.6610107421875,"fy":722.3335571289063,"height":1024,"id":92,"img_name":"1658132997.392931.jpg","position":[-0.37253645062446594,0.6062132716178894,-0.025047484785318375],"rotation":[[0.962550163269043,-0.25495651364326477,0.09216482937335968],[0.248792365193367,0.9657785892486572,0.07330796122550964],[-0.10770116746425629,-0.04763267934322357,0.9930415749549866]],"width":1224},{"fx":722.6610107421875,"fy":722.3335571289063,"height":1024,"id":93,"img_name":"1658132998.393836.jpg","position":[-0.3872319459915161,0.6025408506393433,-0.025519661605358124],"rotation":[[0.961595356464386,-0.25678011775016785,0.09694524109363556],[0.2506684958934784,0.9654736518859863,0.07089375704526901],[-0.11180219054222107,-0.0438699871301651,0.9927616715431213]],"width":1224},{"fx":722.6610107421875,"fy":722.3335571289063,"height":1024,"id":94,"img_name":"1658132999.393957.jpg","position":[-0.402008056640625,0.5987941026687622,-0.026070130988955498],"rotation":[[0.9603103399276733,-0.25240325927734375,0.11872943490743637],[0.24467305839061737,0.9666264057159424,0.07595063745975494],[-0.13393719494342804,-0.04388628527522087,0.9900175929069519]],"width":1224},{"fx":722.6610107421875,"fy":722.3335571289063,"height":1024,"id":95,"img_name":"1658133000.393481.jpg","position":[-0.41673845052719116,0.5950766801834106,-0.026686321943998337],"rotation":[[0.963441014289856,-0.24768833816051483,0.10213696956634521],[0.23962320387363434,0.9671348333358765,0.08503485471010208],[-0.11984236538410187,-0.05745167285203934,0.9911292195320129]],"width":1224},{"fx":722.6610107421875,"fy":722.3335571289063,"height":1024,"id":96,"img_name":"1658133001.393325.jpg","position":[-0.4315064251422882,0.5911529064178467,-0.027168825268745422],"rotation":[[0.9598768353462219,-0.2713994085788727,0.07056085020303726],[0.25703904032707214,0.9521209001541138,0.1655196249485016],[-0.1121043786406517,-0.14074155688285828,0.9836789965629578]],"width":1224},{"fx":722.6610107421875,"fy":722.3335571289063,"height":1024,"id":97,"img_name":"1658133002.392889.jpg","position":[-0.44592300057411194,0.585963785648346,-0.02763725258409977],"rotation":[[0.9172135591506958,-0.39826539158821106,0.010197851806879044],[0.38253793120384216,0.8875657320022583,0.25669386982917786],[-0.1112835556268692,-0.23154203593730927,0.9664389491081238]],"width":1224},{"fx":722.6610107421875,"fy":722.3335571289063,"height":1024,"id":98,"img_name":"1658133003.395072.jpg","position":[-0.45883291959762573,0.5781091451644897,-0.02792852371931076],"rotation":[[0.8133893609046936,-0.5783599615097046,-0.062430549412965775],[0.5684465169906616,0.7674447298049927,0.29647448658943176],[-0.1235569566488266,-0.27663764357566833,0.9529980421066284]],"width":1224},{"fx":722.6610107421875,"fy":722.3335571289063,"height":1024,"id":99,"img_name":"1658133004.393209.jpg","position":[-0.4696334898471832,0.5671811699867249,-0.02780778892338276],"rotation":[[0.6467853784561157,-0.7510905861854553,-0.13240733742713928],[0.7526260018348694,0.6004878282546997,0.2701267898082733],[-0.12338066101074219,-0.27436724305152893,0.9536769986152649]],"width":1224},{"fx":722.6610107421875,"fy":722.3335571289063,"height":1024,"id":100,"img_name":"1658133005.393604.jpg","position":[-0.4776175618171692,0.5537412166595459,-0.027508756145834923],"rotation":[[0.4520617127418518,-0.8743733167648315,-0.17638444900512695],[0.8810944557189941,0.4069158434867859,0.24102306365966797],[-0.1389705240726471,-0.2643686532974243,0.9543565511703491]],"width":1224},{"fx":722.6610107421875,"fy":722.3335571289063,"height":1024,"id":101,"img_name":"1658133006.393368.jpg","position":[-0.48191773891448975,0.5387869477272034,-0.0268663689494133],"rotation":[[0.21838849782943726,-0.9480258226394653,-0.23141631484031677],[0.9683723449707031,0.18120694160461426,0.17151999473571777],[-0.12067114561796188,-0.26155513525009155,0.9576154947280884]],"width":1224},{"fx":722.6610107421875,"fy":72